0.3111379 -0.9503648 0.3896619
-0.4135082 -0.9105004 0.4687811
0.4774277 0.8786711 0.6409860
-0.1462695 0.9892448 0.9421365
0.9258533 0.3778831 0.6311803
-0.9988556 0.0478270 0.7079397
0.9431489 0.3323706 0.0479784
-0.9833150 0.1819108 0.2536596
0.8423802 0.5388836 0.9773150
0.6402530 -0.7681641 0.8805181
-0.8119453 -0.5837335 0.8371164
0.0852484 0.9963597 0.9514501
0.9906658 -0.1363132 0.4233217
0.5469068 -0.8371935 0.2911537
-0.8508416 -0.5254222 0.4774000
-0.6813408 -0.7319664 0.8288346
0.8375082 -0.5464247 0.1742692
0.1494757 0.9887654 0.0075294
0.3656805 0.9307404 0.7993481
0.8698830 -0.4932581 0.0354672
0.9995691 0.0293521 0.8900734
-0.5510159 0.8344948 0.3048554
0.7470040 -0.6648196 0.7324563
0.0214320 0.9997703 0.8132044
-0.8598400 0.5105635 0.6344327
-0.3686077 -0.9295851 0.8723519
0.7631086 0.6462702 0.5545852
-0.4461056 -0.8949803 0.0341936
-0.5953854 0.8034403 0.2485266
0.9587965 -0.2840936 0.9733463
-0.1580381 -0.9874330 0.3989806
-0.6803522 -0.7328853 0.3715301
0.4714137 -0.8819122 0.1549252
0.2163614 -0.9763134 0.4761640
0.9150459 0.4033496 0.8335823
0.9800061 0.1989675 0.5810215
0.9788613 -0.2045253 0.3835846
0.9756140 0.2194935 0.4683897
0.6571704 -0.7537421 0.0777633
0.7856203 -0.6187089 0.9108373
-0.2298798 0.9732190 0.2690210
0.0046413 -0.9999892 0.2975009
-0.6012468 0.7990634 0.5180895
0.5439101 0.8391435 0.7603833
-0.7750487 -0.6319015 0.1710533
0.9473212 0.3202851 0.6315276
-0.7517327 0.6594680 0.3552722
-0.8904944 -0.4549943 0.5012087
0.6875819 0.7261069 0.2405949
0.7485981 0.6630241 0.4587632
0.2870941 0.9579024 0.4651033
0.9809021 0.1945019 0.7296467
-0.4099110 -0.9121255 0.7459638
0.8643826 0.5028346 0.6366114
-0.9510267 -0.3091087 0.4650929
-0.2910519 0.9567073 0.9333476
0.8693327 0.4942273 0.7865860
0.0428830 0.9990801 0.3950404
0.1430886 0.9897099 0.2610544
0.6502297 -0.7597376 0.4972972
-0.3044631 -0.9525241 0.0547350
0.9573062 -0.2890758 0.4076921
-0.8951530 -0.4457590 0.5977530
-0.9990949 -0.0425374 0.8001424
-0.1533719 0.9881685 0.7572877
-0.4743356 -0.8803441 0.6253516
-0.5800611 -0.8145730 0.1084857
-0.6214004 0.7834932 0.1975883
0.0328286 -0.9994610 0.5336054
0.1929580 0.9812070 0.4524032
0.6251311 0.7805198 0.3955623
0.9876422 -0.1567258 0.3721258
0.3202315 0.9473393 0.4053889
0.9995789 0.0290186 0.7138443
0.0053465 0.9999857 0.7960206
-0.9811393 0.1933019 0.0224040
-0.5731366 0.8194599 0.0267866
-0.2396345 -0.9708632 0.8010840
-0.8011736 -0.5984320 0.2652718
-0.3504684 -0.9365745 0.9988321
-0.3693488 0.9292908 0.2821400
-0.5656082 -0.8246741 0.6931520
-0.9302776 -0.3668564 0.9795782
-0.4484344 0.8938158 0.7117700
0.9850081 -0.1725080 0.2964490
-0.6572906 0.7536372 0.4850078
-0.1930833 -0.9811824 0.8083707
-0.1051292 0.9944586 0.8958469
0.0419310 -0.9991205 0.8916558
0.0540571 0.9985378 0.2861660
-0.9998159 -0.0191869 0.9656769
-0.6664567 -0.7455437 0.9319060
-0.1146939 -0.9934009 0.2504769
-0.8864266 -0.4628693 0.7730638
-0.4569257 -0.8895048 0.0307473
0.9879353 -0.1548672 0.6011929
0.3754344 -0.9268490 0.5666192
-0.1841814 -0.9828923 0.6101012
0.9857806 0.1680377 0.2809675
0.5517817 0.8339886 0.6328811
-0.7656266 -0.6432853 0.5822913
0.7948031 0.6068674 0.5890089
0.1475962 0.9890477 0.1298277
-0.7326718 0.6805821 0.9522495
0.9994569 0.0329521 0.2751012
-0.6088448 -0.7932893 0.2038393
0.9994884 -0.0319824 0.7730454
-0.2687146 0.9632198 0.4434467
0.6973219 0.7167581 0.5505682
-0.2336500 0.9723208 0.6099384
-0.9629256 -0.2697671 0.0670614
-0.5552035 -0.8317146 0.7601438
0.8856837 0.4642891 0.6349003
0.2440361 0.9697662 0.9886770
0.7571223 -0.6532732 0.4552607
-0.7341883 -0.6789459 0.3445385
-0.6276186 -0.7785209 0.0597655
-0.9634171 0.2680065 0.4294303
0.9114559 0.4113977 0.7886624
0.0146932 0.9998920 0.8438141
0.2632409 -0.9647301 0.9771715
-0.9943009 0.1066105 0.6766645
0.8676901 -0.4971056 0.8725770
0.9751428 -0.2215772 0.5763333
-0.9622823 0.2720528 0.2689313
0.9150336 -0.4033777 0.2580165
-0.1468739 0.9891552 0.3069275
0.0491604 -0.9987909 0.1012403
0.2926596 -0.9562167 0.7716953
-0.9062480 0.4227465 0.9152999
-0.3111360 0.9503654 0.6236108
0.9036169 0.4283415 0.4759847
0.9846525 0.1745265 0.0517404
0.4662106 0.8846738 0.5774386
0.9022832 0.4311439 0.9518968
-0.5121621 0.8588888 0.1849458
-0.6422814 -0.7664689 0.6584329
0.9639816 0.2659688 0.8863643
-0.9793552 -0.2021472 0.8898266
-0.9730320 0.2306704 0.0627116
0.9183399 -0.3957927 0.6430277
0.4190982 0.9079409 0.6730415
0.9077677 0.4194733 0.3368150
-0.9960366 -0.0889448 0.3091644
0.1076014 0.9941941 0.9094737
0.7408805 -0.6716368 0.0936417
0.0023465 -0.9999972 0.4421358
-0.9982923 0.0584171 0.7341446
0.9640758 -0.2656273 0.3492656
0.6016011 0.7987966 0.0536865
0.9999972 0.0023648 0.5031500
0.7240211 0.6897778 0.8173935
-0.1486586 -0.9888886 0.4056962
-0.2553083 -0.9668597 0.8292462
0.9998606 0.0166976 0.5766420
-0.3961071 -0.9182043 0.6109640
0.1225687 0.9924600 0.1884132
0.6076286 -0.7942213 0.6998052
-0.9827167 0.1851157 0.1518918
-0.7818811 -0.6234276 0.7376254
-0.9927741 -0.1199981 0.9130650
0.6745686 -0.7382121 0.4103405
0.9081798 -0.4185804 0.7520198
-0.2510689 0.9679692 0.9287363
-0.9308436 -0.3654178 0.8093245
0.0842023 0.9964487 0.5950059
0.9687792 0.2479251 0.1821957
-0.3210072 -0.9470768 0.4930523
0.7093708 0.7048354 0.8485417
-0.2500952 -0.9682212 0.0787421
-0.6215424 -0.7833805 0.0248062
-0.6772227 -0.7357781 0.8229419
0.2099967 0.9777021 0.4898158
0.2070551 0.9783293 0.0217571
0.0940313 -0.9955692 0.7958913
-0.0257078 0.9996695 0.4828095
-0.9666504 -0.2560997 0.1730555
-0.7742963 0.6328232 0.6835126
-0.5875829 -0.8091640 0.8334369
0.2153239 -0.9765427 0.0834268
-0.2130099 0.9770500 0.0437107
0.9816453 0.1907156 0.0728451
0.6839426 -0.7295358 0.2248723
0.8029430 0.5960558 0.1743578
-0.3560346 -0.9344728 0.5605254
0.1939007 -0.9810212 0.6073824
0.5733492 -0.8193111 0.6851096
0.9995349 0.0304946 0.8598137
-0.5281054 0.8491788 0.4242442
0.0061278 0.9999812 0.0746101
0.9901041 0.1403350 0.7467290
0.9986656 -0.0516440 0.5065647
-0.9999379 -0.0111447 0.5623871
0.6202808 -0.7843798 0.6526602
-0.3810188 -0.9245673 0.1780101
-0.9782277 0.2075344 0.5018754
0.5022765 0.8647071 0.3265066
0.2654794 -0.9641165 0.0208057
0.5960167 0.8029720 0.3649089
-0.6800453 0.7331701 0.5254396
-0.8809777 0.4731578 0.9484532
-0.3513947 0.9362274 0.0631020
-0.4034167 -0.9150164 0.9265794
0.9505181 -0.3106691 0.6016437
0.5114699 0.8593012 0.1214592
-0.9986258 0.0524081 0.7159930
0.6347697 0.7727014 0.2314111
0.6693791 0.7429210 0.7338093
0.6876808 0.7260132 0.4075589
-0.9756206 -0.2194639 0.2004623
0.9995698 0.0293284 0.8044002
0.9880319 0.1542500 0.3973698
-0.1292862 0.9916073 0.7136943
0.3991438 -0.9168883 0.3515126
-0.9147091 0.4041130 0.1927742
0.6468041 -0.7626562 0.7545005
0.9951185 -0.0986869 0.4185764
0.5612218 0.8276655 0.0396766
0.8797616 0.4754151 0.1542594
0.7969043 -0.6041056 0.7146122
-0.9686397 0.2484696 0.7202496
0.0983572 -0.9951512 0.6949358
-0.5586960 0.8293725 0.9569877
0.3478237 0.9375600 0.3248007
-0.5923477 -0.8056824 0.7823813
0.7068785 0.7073350 0.9707850
-0.7676105 -0.6409166 0.3693040
0.6713703 0.7411221 0.8134857
-0.5315698 0.8470145 0.0671194
-0.9223366 0.3863875 0.8018227
-0.4414427 -0.8972895 0.7455542
-0.9658053 -0.2592684 0.3857523
0.2378444 0.9713033 0.7245827
0.6620461 -0.7494631 0.7648277
0.9591767 -0.2828075 0.0467251
0.0394954 -0.9992198 0.3444448
0.2706295 0.9626836 0.5398241
0.0221457 0.9997548 0.9781036
0.6122341 0.7906766 0.9827975
-0.9563620 -0.2921844 0.9590979
0.0212623 -0.9997739 0.9051754
0.9889144 0.1484866 0.9462845
0.0576648 0.9983360 0.3673193
0.9473699 -0.3201409 0.0269900
-0.9966442 0.0818554 0.3510383
0.9973929 0.0721630 0.5834391
-0.8678884 0.4967593 0.1400874
-0.2934714 0.9559678 0.1080395
0.8243100 -0.5661386 0.1705246
0.9201261 -0.3916223 0.2104034
0.0954487 -0.9954343 0.8946610
0.9582556 0.2859129 0.1864547
0.5540669 -0.8324721 0.1208907
0.9001790 -0.4355201 0.1654664
0.2787582 -0.9603613 0.2764143
-0.9053101 0.4247513 0.5164232
-0.9975269 -0.0702853 0.9910302
0.5631849 0.8263309 0.3796763
0.8728730 0.4879475 0.2209076
0.7148264 -0.6993019 0.6626768
-0.7687911 -0.6395000 0.3129113
-0.0508662 -0.9987055 0.0358634
-0.6950925 0.7189203 0.3112153
-0.9990612 -0.0433210 0.3697061
-0.3653597 -0.9308664 0.9558132
-0.1288268 -0.9916671 0.6485255
0.9194700 -0.3931601 0.2818692
0.4665758 0.8844812 0.3360502
-0.1920722 -0.9813808 0.0288640
-0.0293761 0.9995684 0.4282376
0.9132733 0.4073473 0.6018300
-0.5642360 -0.8256136 0.0082832
0.4053978 -0.9141404 0.4722448
0.8505641 0.5258714 0.5991234
0.0746263 -0.9972116 0.0060883
0.3774659 -0.9260235 0.2892485
-0.9715706 0.2367498 0.2575644
0.9503733 -0.3111118 0.1264772
-0.9566192 -0.2913411 0.0056716
0.2712453 0.9625103 0.7457559
0.5499367 0.8352064 0.5805975
-0.9397770 -0.3417883 0.3706365
-0.7533721 0.6575944 0.9773512
0.5928363 -0.8053230 0.3540612
0.8814997 0.4721846 0.2615461
0.3357256 -0.9419598 0.6311339
0.9592713 0.2824864 0.1201921
0.7960327 0.6052536 0.2860907
0.4488476 0.8936083 0.5851418
-0.0769488 -0.9970350 0.8868082
0.9812244 0.1928695 0.1665625
0.5073611 0.8617335 0.1180864
-0.9618887 -0.2734413 0.0988117
0.8260738 -0.5635620 0.1546197
-0.9481417 -0.3178481 0.1229133
-0.9999350 -0.0113993 0.8094592
-0.0934288 0.9956260 0.1482563
0.9356388 0.3529589 0.0584773
-0.9905882 0.1368759 0.6829108
0.3478639 -0.9375450 0.2409443
0.3492590 0.9370262 0.5827541
0.4574533 0.8892336 0.9809318
0.9239125 0.3826039 0.3516574
0.6938272 -0.7201415 0.5335244
-0.3729002 0.9278715 0.4450808
0.9215103 -0.3883539 0.1495685
-0.9602468 0.2791524 0.2591788
0.8342304 0.5514161 0.2800169
0.9012684 -0.4332612 0.0712619
0.5726670 0.8197881 0.5040319
-0.1141165 -0.9934674 0.0166481
-0.9854141 -0.1701734 0.2275292
0.9385807 -0.3450597 0.7347901
-0.4072009 0.9133386 0.7911683
0.4020469 0.9156191 0.8360062
-0.7811465 0.6243477 0.5013106
-0.8536151 -0.5209043 0.5238879
-0.1871648 0.9823285 0.7398719
-0.9994507 -0.0331411 0.4646382
-0.7746490 0.6323915 0.8499803
-0.2483591 -0.9686680 0.4524628
0.7070241 0.7071894 0.2262061
-0.8411904 0.5407390 0.4468579
0.4986086 0.8668273 0.1970073
0.9962335 0.0867110 0.5792282
-0.1245344 0.9922153 0.4646631
-0.5941835 -0.8043295 0.2409755
0.9537080 -0.3007341 0.1008492
0.1502052 -0.9886548 0.5396359
-0.9239892 0.3824185 0.0245034
0.5318272 0.8468529 0.2590595
-0.8404995 0.5418123 0.1060830
0.0283406 -0.9995983 0.3783627
-0.5582002 -0.8297063 0.2658171
-0.9603406 0.2788295 0.4527964
0.2966080 0.9549993 0.4958985
-0.5356180 0.8444604 0.7167839
-0.6546433 0.7559380 0.6243932
0.5795322 -0.8149493 0.7411846
-0.1949849 0.9808062 0.2777465
-0.3939163 -0.9191463 0.0298443
-0.9393761 0.3428885 0.6351175
0.9999710 0.0076144 0.5684164
-0.3463408 0.9381088 0.2211642
0.8108335 0.5852769 0.7721591
0.7826584 -0.6224515 0.3631040
0.8019348 -0.5974115 0.6549811
-0.0484322 0.9988265 0.2070288
0.6943443 -0.7196430 0.1604959
-0.9997403 -0.0227906 0.6949674
0.8076080 0.5897197 0.8366752
0.2411645 0.9704843 0.0990400
-0.5280674 0.8492025 0.5881030
-0.7834022 -0.6215151 0.3739017
-0.9309094 0.3652501 0.8275736
0.6492107 0.7606086 0.8177721
0.6771767 -0.7358204 0.6768806
0.0955852 -0.9954213 0.3537119
-0.9387052 -0.3447211 0.2704162
-0.8268164 -0.5624720 0.6535773
-0.9923225 -0.1236771 0.9107952
0.9829846 -0.1836881 0.9440173
0.9928112 -0.1196908 0.4871643
0.6686426 -0.7435839 0.5408280
-0.1223706 0.9924845 0.9322195
-0.8311225 -0.5560894 0.8225927
0.9757594 0.2188459 0.5243109
0.9777002 -0.2100053 0.8414168
0.9308793 -0.3653268 0.5039502
0.3441391 -0.9389187 0.4719283
0.3556859 0.9346056 0.0815046
-0.9891914 -0.1466298 0.7807344
0.9947335 0.1024948 0.8233857
0.4229409 0.9061572 0.6862362
0.9736204 -0.2281739 0.3377533
0.6746190 -0.7381661 0.7057229
-0.9996335 0.0270711 0.1490585
0.9192485 0.3936778 0.0560216
-0.5989567 -0.8007814 0.3631640
0.4352428 0.9003131 0.5433255
0.3883086 0.9215294 0.3483204
-0.2483060 -0.9686816 0.9999433
0.3294106 0.9441868 0.0957557
-0.4501520 -0.8929519 0.2118375
-0.0476280 0.9988651 0.4190255
-0.0702983 0.9975260 0.0033173
-0.6837900 0.7296789 0.7688118
0.6422640 -0.7664835 0.7620039
0.3818028 0.9242438 0.4123515
-0.0326699 -0.9994662 0.0243028
-0.9158161 -0.4015980 0.8011961
0.0084197 0.9999646 0.4088909
0.1044681 0.9945282 0.8610184
-0.8498077 0.5270928 0.6621152
-0.2430578 0.9700118 0.6285973
0.9481327 0.3178747 0.1912868
-0.9568932 0.2904400 0.2520865
0.6651488 0.7467108 0.0697781
-0.9067993 -0.4215626 0.2929140
-0.2458250 0.9693142 0.0306480
0.3188705 0.9477983 0.6516370
0.1169287 0.9931403 0.2744673
0.0645157 0.9979167 0.7583075
-0.8874222 -0.4609576 0.5035563
0.7922404 0.6102091 0.3896867
0.9182301 0.3960473 0.0637661
0.9589183 0.2836823 0.1413583
-0.4204634 0.9073095 0.3402425
-0.8890957 0.4577214 0.2826044
-0.8105074 0.5857284 0.8609594
-0.9864805 0.1638786 0.1228152
-0.6999282 0.7142132 0.9032795
-0.7708623 0.6370018 0.9315658
0.6814260 0.7318871 0.2766630
0.4057835 0.9139692 0.0531493
0.3461647 0.9381737 0.8739078
-0.8833115 0.4687864 0.1754925
-0.6773101 0.7356977 0.5331201
-0.8228156 0.5683085 0.6083403
0.6570084 0.7538832 0.9800293
-0.6589556 0.7521818 0.0993969
-0.5285341 -0.8489121 0.2847797
-0.3468851 0.9379076 0.1826579
-0.9897624 0.1427252 0.6762531
-0.6876863 -0.7260080 0.2715476
-0.1673165 0.9859032 0.0122650
0.9207497 0.3901538 0.9495569
0.9639196 0.2661935 0.8733164
0.8692176 -0.4944297 0.9096119
0.9744699 0.2245181 0.6733889
0.9407578 -0.3390792 0.9478764
-0.5995245 -0.8003564 0.8620192
0.9977499 -0.0670457 0.4941223
-0.8714124 0.4905512 0.4963098
0.8094148 0.5872373 0.6152094
0.5227665 0.8524759 0.5387024
0.7383025 0.6744698 0.4982259
-0.7086524 -0.7055578 0.9135699
0.9365320 -0.3505821 0.4512155
-0.8544300 -0.5195666 0.5773454
-0.7355187 0.6775044 0.1166095
-0.6017504 0.7986842 0.1876363
-0.0906351 -0.9958842 0.5490199
-0.8599754 -0.5103354 0.1821736
-0.2930768 0.9560889 0.0722507
0.9765463 0.2153074 0.7809980
0.3728346 0.9278978 0.8276208
0.9997324 0.0231335 0.0561148
0.9844508 0.1756607 0.3531705
0.9483644 -0.3171828 0.6992094
-0.9997285 0.0233011 0.6777821
-0.4139146 0.9103157 0.1617209
-0.9430338 -0.3326970 0.2138870
0.9782161 -0.2075894 0.3356028
-0.9570846 -0.2898088 0.5001895
-0.8646174 -0.5024308 0.1236429
0.8078423 -0.5893987 0.1806208
-0.4211486 -0.9069916 0.3472371
0.4810294 0.8767044 0.1244828
-0.4398912 -0.8980511 0.7122109
-0.0017678 -0.9999984 0.2478287
-0.9656670 0.2597829 0.8890654
0.7615413 -0.6481164 0.7093827
0.9982776 0.0586664 0.4557231
-0.6518051 0.7583865 0.6623481
0.7789546 -0.6270803 0.5316562
-0.6630983 0.7485323 0.3878024
0.0721745 -0.9973920 0.3569553
0.7904207 -0.6125644 0.7166850
-0.7504052 -0.6609781 0.9910810
-0.8469757 0.5316315 0.7527796
0.2076761 -0.9781976 0.8667315
0.2526075 0.9675688 0.4367465
-0.8903014 -0.4553718 0.6723145
-0.4727674 0.8811872 0.1270414
-0.0015884 -0.9999987 0.9426678
0.8958809 -0.4442943 0.3337545
-0.9681239 -0.2504718 0.8605906
0.5803923 -0.8143370 0.3672303
-0.9075936 0.4198499 0.7389211
0.6602561 -0.7510405 0.8435834
0.2720011 -0.9622969 0.1799098
-0.2747636 0.9615118 0.4637861
-0.7890289 0.6143561 0.4257582
-0.5355441 -0.8445072 0.8248940
0.7047857 -0.7094203 0.8039491
-0.1658687 0.9861478 0.6444264
0.2014833 -0.9794920 0.8143223
0.6833911 0.7300524 0.0997355
0.9538815 0.3001834 0.7762319
0.8810142 0.4730898 0.6500047
-0.9134492 -0.4069528 0.4372599
0.0891199 0.9960209 0.1922906
0.9183874 0.3956825 0.8361801
0.7665974 0.6421280 0.1894029
-0.6007039 0.7994716 0.5069790
-0.2802162 -0.9599369 0.9097660
-0.9926551 -0.1209789 0.7160746
-0.9925578 -0.1217741 0.9046480
-0.0202412 0.9997951 0.5924880
-0.9807684 0.1951752 0.9135166
-0.1519110 0.9883942 0.8965171
0.3436013 0.9391156 0.0634082
-0.4239010 -0.9057086 0.9986787
0.9899485 -0.1414284 0.3588182
-0.9422479 0.3349163 0.8129537
0.0774382 0.9969972 0.9340757
-0.9648396 -0.2628394 0.4299482
-0.2475074 -0.9688860 0.5071300
0.4686600 0.8833787 0.3229011
0.9630948 -0.2691624 0.8160590
-0.5351215 -0.8447751 0.4788384
0.6757512 0.7371298 0.6003718
-0.4625264 0.8866055 0.6267704
0.9992499 -0.0387256 0.4569376
0.9352672 0.3539424 0.4541173
-0.4605934 -0.8876112 0.8193617
0.9734573 -0.2288686 0.6269205
0.5074607 -0.8616749 0.6709231
-0.9215378 -0.3882887 0.7284861
0.1666219 0.9860209 0.9183342
0.5067253 0.8621076 0.7823399
-0.6754817 0.7373768 0.5581497
-0.8075821 0.5897552 0.6411366
-0.7774725 -0.6289170 0.1501425
-0.1325056 0.9911823 0.4955642
0.9283817 0.3716280 0.5567560
-0.4829046 -0.8756730 0.2446826
0.9576093 0.2880701 0.6440400
0.6422421 0.7665019 0.4729455
0.0160382 0.9998714 0.8351377
-0.9081321 -0.4186838 0.4053155
0.1181046 0.9930012 0.7253110
-0.9985031 -0.0546946 0.5490878
0.6260100 -0.7798151 0.4913630
-0.9955145 0.0946089 0.8510652
0.9295506 0.3686946 0.4452596
-0.3768439 -0.9262768 0.0499045
0.7241809 0.6896100 0.6129822
-0.3709404 0.9286567 0.4892330
-0.7479087 0.6638017 0.4799384
0.8008024 0.5989286 0.6566645
-0.2062194 -0.9785058 0.7142132
-0.8639882 -0.5035120 0.5541731
-0.5232270 -0.8521934 0.6422126
-0.2849499 0.9585424 0.9100885
-0.9959615 -0.0897814 0.3332293
0.3364239 0.9417107 0.6937805
-0.9477977 -0.3188724 0.3156498
0.9999963 0.0027107 0.0148235
0.9611314 -0.2760915 0.6490072
-0.9667560 0.2557006 0.1777186
-0.6449020 0.7642653 0.3613182
-0.2998629 -0.9539823 0.3115052
-0.1594346 -0.9872085 0.4904143
0.3387661 -0.9408706 0.3689088
-0.2953621 0.9553854 0.7773183
-0.7973410 0.6035291 0.0292941
0.8489164 -0.5285271 0.9947178
0.9653414 -0.2609904 0.6968494
-0.7151533 0.6989677 0.9292033
-0.9298601 0.3679132 0.0038982
-0.5764814 0.8171103 0.3775708
-0.5389037 -0.8423674 0.2497823
-0.1706065 -0.9853392 0.9427624
0.7432097 0.6690585 0.2418529
0.1473595 0.9890830 0.8258341
-0.7267465 -0.6869057 0.7415120
-0.7622661 -0.6472638 0.6916546
-0.8341652 -0.5515147 0.2216422
0.7414810 0.6709739 0.6188569
0.5143570 -0.8575762 0.2310809
-0.6830714 -0.7303516 0.4658825
-0.6707461 0.7416871 0.1869431
0.5842817 0.8115509 0.2116326
0.5189204 -0.8548226 0.7936514
-0.2167857 0.9762192 0.0107898
-0.8518773 0.5237415 0.6569343
-0.2879834 0.9576354 0.7647272
-0.5218824 0.8530174 0.1913393
0.8057028 -0.5923201 0.4492871
-0.2798966 0.9600302 0.9345754
0.9981541 -0.0607329 0.8422030
-0.0540798 0.9985366 0.4063363
0.1288552 -0.9916634 0.8304239
-0.8731854 -0.4873881 0.8636926
0.8677133 -0.4970650 0.1046793
-0.1072004 -0.9942374 0.4190473
-0.4339748 0.9009250 0.7701702
-0.6232611 0.7820138 0.4854999
-0.9906225 0.1366274 0.7028180
0.8753892 0.4834188 0.0682384
0.8260433 0.5636067 0.4547470
0.3289832 0.9443358 0.5613557
0.4470740 0.8944970 0.0039190
-0.9920405 -0.1259192 0.0180635
0.9989893 0.0449485 0.5780223
-0.8971647 0.4416961 0.4163584
0.2317536 -0.9727745 0.1525094
-0.1847211 0.9827910 0.3733397
0.6234340 0.7818760 0.8179767
-0.1048059 -0.9944927 0.3398142
-0.2645924 0.9643603 0.2441581
-0.7764131 0.6302243 0.5371610
0.6269479 -0.7790612 0.7743339
0.3118304 -0.9501378 0.3419368
0.5467828 -0.8372745 0.8939624
-0.3459794 -0.9382421 0.0907679
0.4482710 0.8938977 0.5326486
-0.4520125 -0.8920116 0.5592793
0.3520933 0.9359649 0.1716320
0.8168962 0.5767848 0.7074310
-0.9006156 -0.4346165 0.7043070
0.2069806 0.9783450 0.6140657
-0.7008882 -0.7132712 0.0067844
-0.9828852 -0.1842190 0.4486934
0.7432376 0.6690276 0.4441066
-0.9902646 0.1391978 0.3022403
-0.3048671 -0.9523949 0.9184841
-0.7541310 -0.6567240 0.7224600
-0.1736421 -0.9848088 0.8172116
-0.7115391 -0.7026465 0.7773359
0.0292978 0.9995707 0.3477981
-0.5659365 0.8244488 0.8144933
-0.5490030 0.8358204 0.4274088
0.9345508 -0.3558296 0.8001897
0.9438909 0.3302575 0.8627345
0.5305133 -0.8476766 0.1916983
-0.3180796 0.9480640 0.5112351
0.8179217 -0.5753295 0.1739408
-0.8294950 0.5585141 0.0988843
0.1758848 -0.9844108 0.1871266
0.8791775 -0.4764944 0.6658897
0.1231936 -0.9923827 0.0914754
0.9340432 0.3571600 0.8328501
0.9699934 0.2431312 0.8784223
0.9972692 0.0738521 0.3324182
0.9936246 -0.1127395 0.9216136
-0.5612461 -0.8276490 0.0461182
0.5727198 0.8197512 0.5038565
0.9977886 -0.0664667 0.7653559
0.9996116 -0.0278669 0.3980342
-0.2330703 -0.9724599 0.1871902
-0.4913387 -0.8709686 0.0073020
0.1147296 0.9933968 0.9398953
-0.9891852 -0.1466716 0.0915598
0.4592079 0.8883288 0.7568514
-0.6442795 0.7647902 0.4008375
0.0097430 0.9999525 0.4846244
0.7346365 0.6784609 0.8187509
-0.4931240 0.8699590 0.7232881
-0.4313829 -0.9021689 0.3479998
-0.3398617 -0.9404754 0.3281118
-0.9432608 0.3320527 0.1426745
-0.9941313 -0.1081799 0.0280114
0.4621446 0.8868046 0.4490904
0.7414126 -0.6710495 0.6331975
-0.5933702 -0.8049297 0.5845762
-0.9729797 -0.2308906 0.7983651
0.8351736 -0.5499864 0.0793982
0.9992000 0.0399929 0.0676438
0.9132540 0.4073906 0.1296008
-0.6011251 -0.7991550 0.8911950
0.1261182 0.9920152 0.2478489
0.4636352 0.8860262 0.1498226
-0.9781125 -0.2080770 0.9085685
0.9988275 0.0484118 0.6386816
-0.5754523 -0.8178353 0.2711301
0.3200901 0.9473871 0.9571201
0.1029124 0.9946904 0.7884708
0.1408501 0.9900309 0.3643542
0.9950438 -0.0994379 0.6688037
-0.9745397 0.2242150 0.4288979
-0.0863943 0.9962610 0.7336868
-0.1536724 0.9881219 0.7897870
0.7567738 0.6536769 0.8980032
-0.5649206 -0.8251453 0.0230650
-0.8644265 -0.5027593 0.6955300
0.4917110 0.8707585 0.2891482
0.7431964 -0.6690734 0.8394412
-0.7575257 0.6528053 0.2122081
-0.4498762 0.8930910 0.3767137
0.8747928 -0.4844972 0.4645420
0.0969396 0.9952903 0.6336972
0.3724779 0.9280411 0.8359125
0.0385906 -0.9992551 0.2292435
-0.6689401 -0.7433163 0.8483638
0.8370599 -0.5471112 0.5021172
-0.9626026 0.2709173 0.8896002
0.2705374 0.9627095 0.7890792
0.4514409 -0.8923010 0.2258124
-0.1266964 -0.9919415 0.7101960
0.4067955 0.9135193 0.8195370
0.8087777 0.5881145 0.9129220
0.3614490 -0.9323919 0.4784770
0.5961997 0.8028362 0.0847751
0.9182186 0.3960739 0.5057061
0.9423048 0.3347561 0.6449528
0.2486763 -0.9685867 0.3779786
-0.0613185 -0.9981183 0.7392439
0.9522190 -0.3054162 0.2785448
-0.8998265 -0.4362479 0.6641775
-0.9984201 0.0561901 0.0244910
0.8589452 0.5120675 0.9156111
-0.9957551 0.0920427 0.6481281
-0.9322575 0.3617954 0.6820947
-0.9997488 -0.0224126 0.8242927
-0.2401438 0.9707373 0.8327243
-0.1767928 -0.9842481 0.1262376
0.9889800 -0.1480489 0.7327632
0.6320316 -0.7749426 0.9585228
-0.7045700 0.7096345 0.3891770
-0.6095247 -0.7927671 0.9295343
-0.8214797 -0.5702378 0.2298997
-0.4408497 -0.8975809 0.6393902
0.2730183 -0.9620088 0.8782186
0.8884591 -0.4589558 0.6674911
0.9980860 -0.0618406 0.2393789
-0.4873698 -0.8731957 0.1299116
-0.1614318 -0.9868839 0.2852228
-0.3073087 0.9516099 0.2488653
0.8273036 -0.5617551 0.4976221
0.9862772 0.1650978 0.3140522
0.7705478 -0.6373822 0.7006477
-0.7761614 -0.6305343 0.6273977
0.9999913 -0.0041748 0.9856058
0.3841711 0.9232619 0.0986544
-0.2905230 0.9568680 0.0229724
0.7321086 0.6811879 0.8174242
-0.0836331 0.9964966 0.6328241
0.9849874 -0.1726264 0.4588338
-0.2019165 -0.9794027 0.8583370
0.1130764 -0.9935863 0.0086489
-0.5011541 0.8653581 0.5344159
0.7510183 0.6602814 0.3754463
-0.3574366 -0.9339374 0.6535751
0.3005749 -0.9537582 0.8546661
-0.5331726 0.8460065 0.3227963
0.7034438 -0.7107509 0.7707106
-0.4510631 0.8924921 0.7751184
0.0526359 0.9986138 0.7474128
0.7464846 0.6654027 0.6855316
0.1711810 0.9852396 0.3439165
-0.6491538 -0.7606572 0.8333318
-0.7108903 0.7033029 0.2491285
0.7608907 0.6488801 0.3631986
-0.1674517 -0.9858803 0.8374526
0.6660087 -0.7459439 0.8464276
-0.9177959 -0.3970524 0.5473169
-0.2795637 -0.9601271 0.1293818
0.3373246 0.9413884 0.9132511
-0.7787732 -0.6273056 0.9566694
0.1699258 0.9854569 0.7945811
0.9584939 0.2851129 0.3962409
-0.3060000 0.9520315 0.1604307
-0.5204124 -0.8539151 0.6582938
-0.9770417 0.2130482 0.6281990
-0.8721507 -0.4892373 0.7808976
-0.3746136 -0.9271810 0.6439401
-0.5150937 -0.8571339 0.2672992
0.0185116 0.9998286 0.2489951
0.7135495 0.7006048 0.7062903
-0.9373607 0.3483603 0.9490886
-0.6765472 -0.7363993 0.3668478
-0.7106793 -0.7035161 0.3939152
0.8257022 -0.5641062 0.6338555
-0.9956095 0.0936037 0.3656673
-0.1267737 0.9919317 0.1631382
-0.9715284 0.2369232 0.0090104
0.9680445 -0.2507783 0.6965996
-0.6278601 -0.7783262 0.0859592
0.9557942 -0.2940366 0.2893583
0.5456871 0.8379890 0.4909970
-0.9088035 -0.4172245 0.4629931
0.9836365 -0.1801646 0.9143056
-0.9933645 0.1150082 0.5895896
-0.4627560 -0.8864857 0.8950853
-0.7354557 -0.6775728 0.4813027
-0.9257834 0.3780544 0.1669520
-0.6719639 0.7405839 0.2029496
0.7310493 -0.6823247 0.0129276
0.6726513 0.7399596 0.3022895
0.8046232 -0.5937857 0.6413520
0.1721822 -0.9850651 0.1998167
-0.1431963 -0.9896943 0.8300293
0.7132009 0.7009597 0.9582003
0.5630434 -0.8264273 0.7093910
-0.9668315 -0.2554151 0.9181642
0.6488692 -0.7609000 0.5053206
0.9986223 0.0524732 0.9504604
-0.9905692 0.1370134 0.8529416
0.2175716 0.9760444 0.5356736
-0.2722763 -0.9622191 0.4681929
0.5642670 -0.8255924 0.0054061
-0.5633096 0.8262459 0.3108120
0.9289361 -0.3702400 0.8669275
0.6190481 -0.7853531 0.9504169
0.6663263 -0.7456603 0.6126611
0.9668287 0.2554257 0.3586584
-0.9595536 -0.2815260 0.6847035
0.8372439 0.5468297 0.5489740
-0.8362947 -0.5482802 0.7865059
0.3379299 0.9411713 0.4697466
-0.9487580 -0.3160036 0.3894359
0.0730030 0.9973317 0.3385540
0.8718786 0.4897221 0.0846715
-0.7909590 -0.6118692 0.5233560
-0.7072791 0.7069344 0.3687453
-0.4956583 0.8685176 0.9283103
0.8689939 0.4948229 0.4317976
0.8220834 -0.5693671 0.5093822
0.8948134 -0.4464403 0.9313360
-0.0935949 -0.9956104 0.1342054
-0.8746293 0.4847923 0.6113440
0.6370051 0.7708596 0.9787213
-0.7710408 -0.6367857 0.8175186
0.9882854 -0.1526170 0.6177338
0.3563804 0.9343409 0.3018748
-0.8569488 -0.5154016 0.1942015
0.6534714 -0.7569512 0.2635047
-0.9140929 0.4055049 0.3320905
-0.6999053 0.7142357 0.8942528
0.5932942 0.8049857 0.5623381
0.8798509 0.4752498 0.7637207
-0.7173510 0.6967120 0.2044463
0.1343792 -0.9909300 0.4659053
0.5247749 0.8512410 0.1471860
0.1888668 -0.9820027 0.5342518
-0.2082680 0.9780718 0.7532938
0.9174061 0.3979523 0.3951947
0.1355677 -0.9907681 0.6780583
-0.7047799 -0.7094260 0.4349171
0.2911421 0.9566798 0.1898283
0.5463252 0.8375731 0.0929616
0.3550079 0.9348633 0.8678475
-0.4412305 0.8973938 0.3522257
0.3168489 -0.9484760 0.5477270
-0.9989467 0.0458862 0.5776532
-0.2927267 -0.9561962 0.1185438
0.0988721 0.9951001 0.1632967
0.8917450 0.4525383 0.5999752
-0.9136424 0.4065189 0.6420617
-0.7530958 -0.6579109 0.7042497
-0.1565377 0.9876720 0.0251225
0.9998426 -0.0177392 0.3922011
-0.4581000 -0.8889006 0.5405172
0.7512027 0.6600716 0.6431685
-0.9327366 0.3605584 0.0080288
0.9962087 -0.0869954 0.1035360
-0.3673793 0.9300712 0.6897407
-0.4716691 0.8817756 0.2345593
0.3543067 0.9351293 0.7910312
-0.1503703 -0.9886297 0.9475025
0.9225204 -0.3859484 0.1815056
0.4854148 0.8742840 0.3516892
0.8133860 0.5817244 0.3125959
0.3530294 0.9356122 0.6449253
0.9858967 -0.1673552 0.2427458
0.9973329 -0.0729863 0.6873589
-0.9193240 0.3935013 0.0328885
-0.1889046 -0.9819954 0.5830307
0.9729785 0.2308958 0.4901862
0.8374223 0.5465563 0.8308464
0.8057692 -0.5922296 0.1483250
-0.3572550 -0.9340069 0.9779335
0.5775637 -0.8163456 0.5812593
